[FibersGeomPar]
fType: Int_t 1
fModuleZ: Float_t 200 
nModules: Int_t 1
nLayers: Int_t 4
nFibers: Int_t \
16 16 16 16
fLayerRotation: Float_t \
0 0 0 0
fFiberOffsetX: Float_t \
-7.5 -7.5 -7.5 -7.5 
fFiberOffsetY: Float_t \
0.5 1.5 2.5 3.5 
fFibersPitch: Float_t \
1 1 1 1
[FibersDDUnpackerPar]
fThreshold: Float_t \
 0 0 0 0 0 0 0 0 \
 0 0 0 0 0 0 0 0
fVetoThreshold: Float_t \
 0 0 0 0 0 0 0 0 \
 0 0 0 0 0 0 0 0
fBLMode: Int_t \
 0 0 0 0 0 0 0 0 \
 0 0 0 0 0 0 0 0
[FibersDDLookupTable]
[FibersPMILookupTable]
#   FTAB id channel         mod     layer   fiber   side l/r
0x1000      0               0       0       0       l
0x1000      1               0       0       1       l
0x1000      2               0       0       2       l
0x1000      3               0       0       3       l
0x1000      4               0       0       4       l
0x1000      5               0       0       5       l
0x1000      6               0       0       6       l
0x1000      7               0       0       7       l
0x1000      8               0       0       8       l
0x1000      9               0       0       9       l
0x1000      10              0       0       10      l
0x1000      11              0       0       11      l
0x1000      12              0       0       12      l
0x1000      13              0       0       13      l
0x1000      14              0       0       14      l
0x1000      15              0       0       15      l
0x1000      16              0       1       0       l
0x1000      17              0       1       1       l
0x1000      18              0       1       2       l
0x1000      19              0       1       3       l
0x1000      20              0       1       4       l
0x1000      21              0       1       5       l
0x1000      22              0       1       6       l
0x1000      23              0       1       7       l
0x1000      24              0       1       8       l
0x1000      25              0       1       9       l
0x1000      26              0       1       10      l
0x1000      27              0       1       11      l
0x1000      28              0       1       12      l
0x1000      29              0       1       13      l
0x1000      30              0       1       14      l
0x1000      31              0       1       15      l
0x1000      32              0       2       0       l
0x1000      33              0       2       1       l
0x1000      34              0       2       2       l
0x1000      35              0       2       3       l
0x1000      36              0       2       4       l
0x1000      37              0       2       5       l
0x1000      38              0       2       6       l
0x1000      39              0       2       7       l
0x1000      40              0       2       8       l
0x1000      41              0       2       9       l
0x1000      42              0       2       10      l
0x1000      43              0       2       11      l
0x1000      44              0       2       12      l
0x1000      45              0       2       13      l
0x1000      46              0       2       14      l
0x1000      47              0       2       15      l
0x1000      48              0       3       0       l
0x1000      49              0       3       1       l
0x1000      50              0       3       2       l
0x1000      51              0       3       3       l
0x1000      52              0       3       4       l
0x1000      53              0       3       5       l
0x1000      54              0       3       6       l
0x1000      55              0       3       7       l
0x1000      56              0       3       8       l
0x1000      57              0       3       9       l
0x1000      58              0       3       10      l
0x1000      59              0       3       11      l
0x1000      60              0       3       12      l
0x1000      61              0       3       13      l
0x1000      62              0       3       14      l
0x1000      63              0       3       15      l
[FibersDDCalibratorPar]
[FibersCalibratorPar]
# mod  layer  fiber  side lambda  eta_r   eta_l   ksi    length  time_offset
0      0      0      l    1.0     0.5     0.5     1.0    100     0
0      0      0      r    1.0     0.5     0.5     1.0    100     0
0      0      1      l    1.0     0.5     0.5     1.0    100     0
0      0      1      r    1.0     0.5     0.5     1.0    100     0
0      0      2      l    1.0     0.5     0.5     1.0    100     0
0      0      2      r    1.0     0.5     0.5     1.0    100     0
0      0      3      l    1.0     0.5     0.5     1.0    100     0
0      0      3      r    1.0     0.5     0.5     1.0    100     0
0      0      4      l    1.0     0.5     0.5     1.0    100     0
0      0      4      r    1.0     0.5     0.5     1.0    100     0
0      0      5      l    1.0     0.5     0.5     1.0    100     0
0      0      5      r    1.0     0.5     0.5     1.0    100     0
0      0      6      l    1.0     0.5     0.5     1.0    100     0
0      0      6      r    1.0     0.5     0.5     1.0    100     0
0      0      7      l    1.0     0.5     0.5     1.0    100     0
0      0      7      r    1.0     0.5     0.5     1.0    100     0
0      0      8      l    1.0     0.5     0.5     1.0    100     0
0      0      8      r    1.0     0.5     0.5     1.0    100     0
0      0      9      l    1.0     0.5     0.5     1.0    100     0
0      0      9      r    1.0     0.5     0.5     1.0    100     0
0      0      10     l    1.0     0.5     0.5     1.0    100     0
0      0      10     r    1.0     0.5     0.5     1.0    100     0
0      0      11     l    1.0     0.5     0.5     1.0    100     0
0      0      11     r    1.0     0.5     0.5     1.0    100     0
0      0      12     l    1.0     0.5     0.5     1.0    100     0
0      0      12     r    1.0     0.5     0.5     1.0    100     0
0      0      13     l    1.0     0.5     0.5     1.0    100     0
0      0      13     r    1.0     0.5     0.5     1.0    100     0
0      0      14     l    1.0     0.5     0.5     1.0    100     0
0      0      14     r    1.0     0.5     0.5     1.0    100     0
0      0      15     l    1.0     0.5     0.5     1.0    100     0
0      0      15     r    1.0     0.5     0.5     1.0    100     0
0      1      0      l    1.0     0.5     0.5     1.0    100     0
0      1      0      r    1.0     0.5     0.5     1.0    100     0
0      1      1      l    1.0     0.5     0.5     1.0    100     0
0      1      1      r    1.0     0.5     0.5     1.0    100     0
0      1      2      l    1.0     0.5     0.5     1.0    100     0
0      1      2      r    1.0     0.5     0.5     1.0    100     0
0      1      3      l    1.0     0.5     0.5     1.0    100     0
0      1      3      r    1.0     0.5     0.5     1.0    100     0
0      1      4      l    1.0     0.5     0.5     1.0    100     0
0      1      4      r    1.0     0.5     0.5     1.0    100     0
0      1      5      l    1.0     0.5     0.5     1.0    100     0
0      1      5      r    1.0     0.5     0.5     1.0    100     0
0      1      6      l    1.0     0.5     0.5     1.0    100     0
0      1      6      r    1.0     0.5     0.5     1.0    100     0
0      1      7      l    1.0     0.5     0.5     1.0    100     0
0      1      7      r    1.0     0.5     0.5     1.0    100     0
0      1      8      l    1.0     0.5     0.5     1.0    100     0
0      1      8      r    1.0     0.5     0.5     1.0    100     0
0      1      9      l    1.0     0.5     0.5     1.0    100     0
0      1      9      r    1.0     0.5     0.5     1.0    100     0
0      1      10     l    1.0     0.5     0.5     1.0    100     0
0      1      10     r    1.0     0.5     0.5     1.0    100     0
0      1      11     l    1.0     0.5     0.5     1.0    100     0
0      1      11     r    1.0     0.5     0.5     1.0    100     0
0      1      12     l    1.0     0.5     0.5     1.0    100     0
0      1      12     r    1.0     0.5     0.5     1.0    100     0
0      1      13     l    1.0     0.5     0.5     1.0    100     0
0      1      13     r    1.0     0.5     0.5     1.0    100     0
0      1      14     l    1.0     0.5     0.5     1.0    100     0
0      1      14     r    1.0     0.5     0.5     1.0    100     0
0      1      15     l    1.0     0.5     0.5     1.0    100     0
0      1      15     r    1.0     0.5     0.5     1.0    100     0
0      2      0      l    1.0     0.5     0.5     1.0    100     0
0      2      0      r    1.0     0.5     0.5     1.0    100     0
0      2      1      l    1.0     0.5     0.5     1.0    100     0
0      2      1      r    1.0     0.5     0.5     1.0    100     0
0      2      2      l    1.0     0.5     0.5     1.0    100     0
0      2      2      r    1.0     0.5     0.5     1.0    100     0
0      2      3      l    1.0     0.5     0.5     1.0    100     0
0      2      3      r    1.0     0.5     0.5     1.0    100     0
0      2      4      l    1.0     0.5     0.5     1.0    100     0
0      2      4      r    1.0     0.5     0.5     1.0    100     0
0      2      5      l    1.0     0.5     0.5     1.0    100     0
0      2      5      r    1.0     0.5     0.5     1.0    100     0
0      2      6      l    1.0     0.5     0.5     1.0    100     0
0      2      6      r    1.0     0.5     0.5     1.0    100     0
0      2      7      l    1.0     0.5     0.5     1.0    100     0
0      2      7      r    1.0     0.5     0.5     1.0    100     0
0      2      8      l    1.0     0.5     0.5     1.0    100     0
0      2      8      r    1.0     0.5     0.5     1.0    100     0
0      2      9      l    1.0     0.5     0.5     1.0    100     0
0      2      9      r    1.0     0.5     0.5     1.0    100     0
0      2      10     l    1.0     0.5     0.5     1.0    100     0
0      2      10     r    1.0     0.5     0.5     1.0    100     0
0      2      11     l    1.0     0.5     0.5     1.0    100     0
0      2      11     r    1.0     0.5     0.5     1.0    100     0
0      2      12     l    1.0     0.5     0.5     1.0    100     0
0      2      12     r    1.0     0.5     0.5     1.0    100     0
0      2      13     l    1.0     0.5     0.5     1.0    100     0
0      2      13     r    1.0     0.5     0.5     1.0    100     0
0      2      14     l    1.0     0.5     0.5     1.0    100     0
0      2      14     r    1.0     0.5     0.5     1.0    100     0
0      2      15     l    1.0     0.5     0.5     1.0    100     0
0      2      15     r    1.0     0.5     0.5     1.0    100     0
0      3      0      l    1.0     0.5     0.5     1.0    100     0
0      3      0      r    1.0     0.5     0.5     1.0    100     0
0      3      1      l    1.0     0.5     0.5     1.0    100     0
0      3      1      r    1.0     0.5     0.5     1.0    100     0
0      3      2      l    1.0     0.5     0.5     1.0    100     0
0      3      2      r    1.0     0.5     0.5     1.0    100     0
0      3      3      l    1.0     0.5     0.5     1.0    100     0
0      3      3      r    1.0     0.5     0.5     1.0    100     0
0      3      4      l    1.0     0.5     0.5     1.0    100     0
0      3      4      r    1.0     0.5     0.5     1.0    100     0
0      3      5      l    1.0     0.5     0.5     1.0    100     0
0      3      5      r    1.0     0.5     0.5     1.0    100     0
0      3      6      l    1.0     0.5     0.5     1.0    100     0
0      3      6      r    1.0     0.5     0.5     1.0    100     0
0      3      7      l    1.0     0.5     0.5     1.0    100     0
0      3      7      r    1.0     0.5     0.5     1.0    100     0
0      3      8      l    1.0     0.5     0.5     1.0    100     0
0      3      8      r    1.0     0.5     0.5     1.0    100     0
0      3      9      l    1.0     0.5     0.5     1.0    100     0
0      3      9      r    1.0     0.5     0.5     1.0    100     0
0      3      10     l    1.0     0.5     0.5     1.0    100     0
0      3      10     r    1.0     0.5     0.5     1.0    100     0
0      3      11     l    1.0     0.5     0.5     1.0    100     0
0      3      11     r    1.0     0.5     0.5     1.0    100     0
0      3      12     l    1.0     0.5     0.5     1.0    100     0
0      3      12     r    1.0     0.5     0.5     1.0    100     0
0      3      13     l    1.0     0.5     0.5     1.0    100     0
0      3      13     r    1.0     0.5     0.5     1.0    100     0
0      3      14     l    1.0     0.5     0.5     1.0    100     0
0      3      14     r    1.0     0.5     0.5     1.0    100     0
0      3      15     l    1.0     0.5     0.5     1.0    100     0
0      3      15     r    1.0     0.5     0.5     1.0    100     0
[FibersHitFinderPar]
fA0: Float_t 0.
fLambda: Float_t 0.
fAlpha: Float_t 0.
fResPos: Float_t 0. 0. 0.
fResEne: Float_t 0. 0. 0.
[FibersClusterFinderPar]
fClusterMode: Int_t  0
[FibersDigitizerPar]
[FibersHitFinderFiberPar]
