[FibersCalibratorPar]
# mod  layer  fiber  side lambda  eta_r   eta_l   ksi    length  time_offset
0      0      0      l    1.0     0.5     0.5     1.0    100     0
0      0      0      r    1.0     0.5     0.5     1.0    100     0
0      0      1      l    1.0     0.5     0.5     1.0    100     0
0      0      1      r    1.0     0.5     0.5     1.0    100     0
0      0      2      l    1.0     0.5     0.5     1.0    100     0
0      0      2      r    1.0     0.5     0.5     1.0    100     0
0      0      3      l    1.0     0.5     0.5     1.0    100     0
0      0      3      r    1.0     0.5     0.5     1.0    100     0
0      0      4      l    1.0     0.5     0.5     1.0    100     0
0      0      4      r    1.0     0.5     0.5     1.0    100     0
0      0      5      l    1.0     0.5     0.5     1.0    100     0
0      0      5      r    1.0     0.5     0.5     1.0    100     0
0      0      6      l    1.0     0.5     0.5     1.0    100     0
0      0      6      r    1.0     0.5     0.5     1.0    100     0
0      0      7      l    1.0     0.5     0.5     1.0    100     0
0      0      7      r    1.0     0.5     0.5     1.0    100     0
0      0      8      l    1.0     0.5     0.5     1.0    100     0
0      0      8      r    1.0     0.5     0.5     1.0    100     0
0      0      9      l    1.0     0.5     0.5     1.0    100     0
0      0      9      r    1.0     0.5     0.5     1.0    100     0
0      0      10     l    1.0     0.5     0.5     1.0    100     0
0      0      10     r    1.0     0.5     0.5     1.0    100     0
0      0      11     l    1.0     0.5     0.5     1.0    100     0
0      0      11     r    1.0     0.5     0.5     1.0    100     0
0      0      12     l    1.0     0.5     0.5     1.0    100     0
0      0      12     r    1.0     0.5     0.5     1.0    100     0
0      0      13     l    1.0     0.5     0.5     1.0    100     0
0      0      13     r    1.0     0.5     0.5     1.0    100     0
0      0      14     l    1.0     0.5     0.5     1.0    100     0
0      0      14     r    1.0     0.5     0.5     1.0    100     0
0      0      15     l    1.0     0.5     0.5     1.0    100     0
0      0      15     r    1.0     0.5     0.5     1.0    100     0
0      1      0      l    1.0     0.5     0.5     1.0    100     0
0      1      0      r    1.0     0.5     0.5     1.0    100     0
0      1      1      l    1.0     0.5     0.5     1.0    100     0
0      1      1      r    1.0     0.5     0.5     1.0    100     0
0      1      2      l    1.0     0.5     0.5     1.0    100     0
0      1      2      r    1.0     0.5     0.5     1.0    100     0
0      1      3      l    1.0     0.5     0.5     1.0    100     0
0      1      3      r    1.0     0.5     0.5     1.0    100     0
0      1      4      l    1.0     0.5     0.5     1.0    100     0
0      1      4      r    1.0     0.5     0.5     1.0    100     0
0      1      5      l    1.0     0.5     0.5     1.0    100     0
0      1      5      r    1.0     0.5     0.5     1.0    100     0
0      1      6      l    1.0     0.5     0.5     1.0    100     0
0      1      6      r    1.0     0.5     0.5     1.0    100     0
0      1      7      l    1.0     0.5     0.5     1.0    100     0
0      1      7      r    1.0     0.5     0.5     1.0    100     0
0      1      8      l    1.0     0.5     0.5     1.0    100     0
0      1      8      r    1.0     0.5     0.5     1.0    100     0
0      1      9      l    1.0     0.5     0.5     1.0    100     0
0      1      9      r    1.0     0.5     0.5     1.0    100     0
0      1      10     l    1.0     0.5     0.5     1.0    100     0
0      1      10     r    1.0     0.5     0.5     1.0    100     0
0      1      11     l    1.0     0.5     0.5     1.0    100     0
0      1      11     r    1.0     0.5     0.5     1.0    100     0
0      1      12     l    1.0     0.5     0.5     1.0    100     0
0      1      12     r    1.0     0.5     0.5     1.0    100     0
0      1      13     l    1.0     0.5     0.5     1.0    100     0
0      1      13     r    1.0     0.5     0.5     1.0    100     0
0      1      14     l    1.0     0.5     0.5     1.0    100     0
0      1      14     r    1.0     0.5     0.5     1.0    100     0
0      1      15     l    1.0     0.5     0.5     1.0    100     0
0      1      15     r    1.0     0.5     0.5     1.0    100     0
0      2      0      l    1.0     0.5     0.5     1.0    100     0
0      2      0      r    1.0     0.5     0.5     1.0    100     0
0      2      1      l    1.0     0.5     0.5     1.0    100     0
0      2      1      r    1.0     0.5     0.5     1.0    100     0
0      2      2      l    1.0     0.5     0.5     1.0    100     0
0      2      2      r    1.0     0.5     0.5     1.0    100     0
0      2      3      l    1.0     0.5     0.5     1.0    100     0
0      2      3      r    1.0     0.5     0.5     1.0    100     0
0      2      4      l    1.0     0.5     0.5     1.0    100     0
0      2      4      r    1.0     0.5     0.5     1.0    100     0
0      2      5      l    1.0     0.5     0.5     1.0    100     0
0      2      5      r    1.0     0.5     0.5     1.0    100     0
0      2      6      l    1.0     0.5     0.5     1.0    100     0
0      2      6      r    1.0     0.5     0.5     1.0    100     0
0      2      7      l    1.0     0.5     0.5     1.0    100     0
0      2      7      r    1.0     0.5     0.5     1.0    100     0
0      2      8      l    1.0     0.5     0.5     1.0    100     0
0      2      8      r    1.0     0.5     0.5     1.0    100     0
0      2      9      l    1.0     0.5     0.5     1.0    100     0
0      2      9      r    1.0     0.5     0.5     1.0    100     0
0      2      10     l    1.0     0.5     0.5     1.0    100     0
0      2      10     r    1.0     0.5     0.5     1.0    100     0
0      2      11     l    1.0     0.5     0.5     1.0    100     0
0      2      11     r    1.0     0.5     0.5     1.0    100     0
0      2      12     l    1.0     0.5     0.5     1.0    100     0
0      2      12     r    1.0     0.5     0.5     1.0    100     0
0      2      13     l    1.0     0.5     0.5     1.0    100     0
0      2      13     r    1.0     0.5     0.5     1.0    100     0
0      2      14     l    1.0     0.5     0.5     1.0    100     0
0      2      14     r    1.0     0.5     0.5     1.0    100     0
0      2      15     l    1.0     0.5     0.5     1.0    100     0
0      2      15     r    1.0     0.5     0.5     1.0    100     0
0      3      0      l    1.0     0.5     0.5     1.0    100     0
0      3      0      r    1.0     0.5     0.5     1.0    100     0
0      3      1      l    1.0     0.5     0.5     1.0    100     0
0      3      1      r    1.0     0.5     0.5     1.0    100     0
0      3      2      l    1.0     0.5     0.5     1.0    100     0
0      3      2      r    1.0     0.5     0.5     1.0    100     0
0      3      3      l    1.0     0.5     0.5     1.0    100     0
0      3      3      r    1.0     0.5     0.5     1.0    100     0
0      3      4      l    1.0     0.5     0.5     1.0    100     0
0      3      4      r    1.0     0.5     0.5     1.0    100     0
0      3      5      l    1.0     0.5     0.5     1.0    100     0
0      3      5      r    1.0     0.5     0.5     1.0    100     0
0      3      6      l    1.0     0.5     0.5     1.0    100     0
0      3      6      r    1.0     0.5     0.5     1.0    100     0
0      3      7      l    1.0     0.5     0.5     1.0    100     0
0      3      7      r    1.0     0.5     0.5     1.0    100     0
0      3      8      l    1.0     0.5     0.5     1.0    100     0
0      3      8      r    1.0     0.5     0.5     1.0    100     0
0      3      9      l    1.0     0.5     0.5     1.0    100     0
0      3      9      r    1.0     0.5     0.5     1.0    100     0
0      3      10     l    1.0     0.5     0.5     1.0    100     0
0      3      10     r    1.0     0.5     0.5     1.0    100     0
0      3      11     l    1.0     0.5     0.5     1.0    100     0
0      3      11     r    1.0     0.5     0.5     1.0    100     0
0      3      12     l    1.0     0.5     0.5     1.0    100     0
0      3      12     r    1.0     0.5     0.5     1.0    100     0
0      3      13     l    1.0     0.5     0.5     1.0    100     0
0      3      13     r    1.0     0.5     0.5     1.0    100     0
0      3      14     l    1.0     0.5     0.5     1.0    100     0
0      3      14     r    1.0     0.5     0.5     1.0    100     0
0      3      15     l    1.0     0.5     0.5     1.0    100     0
0      3      15     r    1.0     0.5     0.5     1.0    100     0
